gene_id	ERR188245	ERR188428	ERR188337	ERR188401	ERR188257	ERR188383	ERR204916	ERR188234	ERR188273	ERR188454	ERR188104	ERR188044
NM_001242640|BRCC3	520	313	737	737	614	304	312	574	83	358	495	401
NM_001356|DDX3X	203	336	312	312	239	37	129	432	44	32	879	102
NM_000489|ATRX	1260	3278	3919	3919	4098	3632	4259	1946	1692	2501	5921	4909
NM_000116|TAZ	207	282	562	562	286	389	468	598	130	263	430	432
NM_016024|RBMX2	1072	1164	1849	1849	1356	1752	1430	1453	765	1292	1843	1626
NR_029635|MIR221	1	2	8	8	5	2	3	3	2	2	10	6
NM_006875|PIM2	17733	5928	10205	10205	8370	7604	8723	12487	4044	12226	8371	6617
NM_001170649|LAS1L	1846	1437	3117	3117	2474	2408	1903	3390	1147	1854	2337	2519
NM_206915|NGFRAP1	58	38	263	263	46	44	116	79	17	58	68	48
NM_004299|ABCB7	127	829	1627	1627	827	1289	1032	882	495	869	1330	1256
NM_031407|HUWE1	21217	30040	51182	51182	27082	22102	34748	39012	17584	26130	41348	43076
NM_001166704|FAM104B	45	41	47	47	52	22	34	71	18	54	59	37
NM_005676|RBM10	1609	1165	1237	1237	1254	1251	1680	1963	463	1011	928	1332
NM_133486|MBNL3	1000	341	1168	1168	436	2091	875	915	8	903	1497	1546
NM_182540|DDX26B	1019	957	1586	1586	1439	1404	1413	1928	862	2161	1829	2422
NM_017938|TMEM255A	52	153	287	287	257	180	172	144	11	6	4	240
NM_000202|IDS	5144	3952	10182	10182	7730	7277	9983	9157	3919	10177	8455	5314
NM_001080485|ZNF275	1448	1470	1979	1979	1925	2300	2787	3649	1249	2676	3411	2711
NM_004135|IDH3G	2429	1661	3268	3268	2051	2393	3059	3863	1308	2847	2907	3827
NM_016032|ZDHHC9	595	500	975	975	563	693	830	950	243	709	929	820
NM_001135565|PUDP	288	13	297	297	3	2	394	415	216	265	7	430
NM_007363|NONO	15890	16247	27492	27492	18590	15801	18439	31961	12681	17361	23572	25734
NM_017518|HAUS7	898	669	1634	1634	933	844	853	1241	423	711	773	999
NM_138737|HEPH	33	7	192	192	42	59	274	1	22	122	110	437
NM_001195214|YIPF6	1	45	42	42	38	43	3	43	50	2	77	2
NM_017677|MTMR8	74	95	139	139	95	85	185	187	60	138	163	174
NM_005314|GRPR	12	170	44	44	31	39	26	50	51	66	96	180
NM_001184768|ARMCX6	4	6	119	119	55	74	54	182	41	128	113	76
NM_001105576|SOWAHD	157	75	53	53	40	109	203	237	78	126	113	120
NM_001300888|PBDC1	61	27	94	94	99	73	72	76	30	118	74	97
NM_000194|HPRT1	4181	4043	8198	8198	5021	6298	5815	5685	2008	4833	7111	4525
NR_106954|MIR6894	3	3	4	4	2	1	4	3	2	5	2	3
NM_004780|TCEAL1	166	72	262	262	77	140	104	203	62	194	61	173
NM_005710|PQBP1	107	56	78	78	59	28	90	72	52	60	18	75
NR_131982|LOC105373383	10	8	12	12	11	12	18	13	2	2	8	9
NM_001305840|TCEAL4	10	8	175	175	23	10	13	26	6	21	147	25
NM_001011658|TRAPPC2	888	1046	956	956	923	909	895	167	651	828	1165	1002
NR_002984|SNORA56	1	1	1	1	1	1	1	1	1	1	1	1
NM_033031|CCNB3	8	4	28	28	10	8	13	7	6	28	50	37
NM_001006684|TCEAL8	237	158	458	458	326	499	391	261	70	479	507	318
NM_031462|CD99L2	2033	1314	1976	1976	1541	1529	1582	2397	1023	2266	1496	3773
NM_001081550|THOC2	2272	3760	5430	5430	4336	4861	4752	3957	2220	4730	7449	6014
NM_018196|TMLHE	537	503	801	801	448	560	801	765	397	751	1111	1086
NM_001170756|FAM122B	672	137	247	247	203	894	744	193	355	234	233	261
NM_152695|ZNF449	100	90	196	196	115	135	115	124	57	174	218	182
NM_001032396|PJA1	334	483	487	487	473	742	587	709	245	617	494	626
NM_001039091|PRPS2	424	1155	507	507	761	667	370	2089	315	488	778	463
NM_153280|UBA1	7618	5230	10801	10801	7284	6577	6762	12643	11256	8235	10759	9675
NM_001032289|SLC35A2	93	164	255	255	305	155	90	177	122	257	144	310
NM_012310|KIF4A	1373	2116	2318	2318	1985	2761	2875	4026	1585	2606	3373	3754
NM_001127899|CLCN5	250	18	782	782	305	278	282	450	173	291	548	531
NM_002294|LAMP2	822	526	882	882	864	857	800	1048	590	1274	841	1406
NM_002641|PIGA	400	430	1135	1135	654	669	611	547	248	526	1047	625
NM_177947|ARMCX3	1121	1225	1916	1916	1367	1928	1649	1812	586	2584	2046	1889
NM_001037811|HSD17B10	354	118	421	421	154	153	238	329	62	277	200	297
NM_021109|TMSB4X	238611	274591	471912	471912	366155	304879	278464	606586	217975	320025	440436	450711
NM_001142427|MORF4L2	66	36	167	167	57	125	59	70	72	145	69	130
NM_016562|TLR7	2377	4224	6410	6410	4125	5524	2847	3999	2771	3945	3164	5556
NM_019056|NDUFB11	1614	834	1526	1526	1111	1201	1314	1529	575	1376	1025	1643
NR_002308|UQCRBP1	60	114	222	222	240	152	238	288	82	195	223	227
NM_001257240|ALG13	178	239	97	97	74	354	99	358	114	340	338	83
NM_001167947|TIMM17B	485	158	304	304	245	252	331	443	86	303	350	300
NM_004089|TSC22D3	1925	3358	3260	3260	2284	3088	4190	4422	1051	6159	4165	2110
NM_001183|ATP6AP1	2995	2034	3216	3216	2658	2315	2660	4131	1520	3234	2777	4044
NM_006306|SMC1A	8612	15380	14925	14925	9823	10447	16937	24823	9722	10033	14484	15065
NR_015378|ZNF674-AS1	90	78	178	178	120	130	156	205	85	150	200	145
NR_033700|FMR1	278	204	223	223	403	412	266	616	138	431	492	259
NM_004538|NAP1L3	2	5	13	13	12	9	12	15	4	22	6	8
NM_001163438|SMIM10	15	48	2	2	10	18	52	44	26	46	10	23
NM_183353|RLIM	8	847	1838	1838	925	12	19	12	918	1	2496	1698
NR_003238|H2BFXP	68	42	109	109	94	52	32	105	19	51	71	67
NR_027783|SAT1	889	658	1186	1186	1158	1110	778	1048	270	1208	806	869
NM_022977|ACSL4	32	174	223	223	44	88	403	124	46	102	267	213
NR_110506|UBE2E4P	240	223	366	366	242	249	306	367	101	353	418	403
NM_001018109|PIR	505	595	1304	1304	749	652	990	917	238	911	1160	707
NM_138270|ATRX	4	1513	3023	3023	1128	1717	641	2094	731	2618	2605	2318
NM_001137554|MCTS1	684	256	308	308	106	886	582	98	372	1006	150	1107
NM_002814|PSMD10	1646	1904	3606	3606	2339	2646	2607	3343	1123	2678	3280	2567
NM_005342|HMGB3	2022	1767	2163	2163	2478	2415	1572	3105	1079	2432	2107	2185
NM_013444|UBQLN2	2224	2026	3894	3894	2681	2630	2606	2776	1185	2555	2792	2574
NM_002183|IL3RA	374	363	1082	1082	756	554	990	315	421	1134	1147	1209
NM_012216|MID2	7	12	8	8	6	16	19	9	6	4	24	11
NM_001282198|SLC25A14	151	87	224	224	235	138	124	236	71	218	159	200
NR_130172|LOC100101478	141	143	165	165	156	97	76	178	31	91	167	171
NM_001198719|RBBP7	410	236	1099	1099	405	686	495	941	416	895	741	904
NM_001282400|ZMAT1	32	78	77	77	141	80	84	169	77	245	316	85
NM_001178085|ZFX	1310	939	205	205	6	483	264	950	1	74	1657	339
NM_001123385|BCOR	629	770	704	704	391	578	778	988	382	1513	1168	604
NM_004586|RPS6KA3	2148	3267	5019	5019	3158	3835	4168	4448	1958	3772	5380	5010
NM_001136158|OTUD5	629	321	1065	1065	1091	709	964	1262	343	783	779	1001
NM_014235|UBL4A	1469	1455	2219	2219	1589	1981	1762	2849	1103	1799	1817	2093
NM_001024666|SH3KBP1	5970	5345	1949	1949	5306	6453	1679	7331	2831	2011	4333	538
NM_003916|AP1S2	1374	3123	2825	2825	2539	3227	2584	3754	1742	2980	4087	3363
NM_004429|EFNB1	68	43	98	98	78	69	62	148	26	111	16	77
NM_000117|EMD	3052	1378	3607	3607	2787	2757	2927	2554	1116	2301	2396	2442
NR_126094|DDX3X	36	38	93	93	28	11	65	131	49	83	95	80
NM_001099857|IKBKG	819	549	613	613	952	850	505	574	403	851	728	1092
NM_031206|LAS1L	1531	1403	2889	2889	1160	1350	1957	2065	637	1036	2413	2060
NM_017745|BCOR	741	585	633	633	776	551	896	1041	336	1076	876	1888
NM_006150|PRICKLE3	730	463	1227	1227	855	635	1010	1112	216	826	862	601
NM_001039705|TRO	129	4	29	29	69	467	8	125	16	187	150	11
NM_012282|KCNE5	23	8	31	31	34	29	11	24	21	26	11	15
NM_001303543|VBP1	206	163	3	3	175	242	165	143	99	232	195	267
NM_001163280|HTATSF1	1253	550	1970	1970	1364	899	932	866	409	768	326	586
NM_002910|RENBP	280	106	685	685	226	253	271	200	132	113	396	342
NM_006639|CYSLTR1	530	686	837	837	950	823	558	907	541	575	934	850
NR_033669|ARMCX6	612	550	619	619	520	617	606	897	356	699	761	806
NM_001171581|ITM2A	494	127	375	375	320	314	341	276	190	263	350	273
NM_001145408|NONO	5438	5272	6581	6581	6074	5445	4366	5782	1420	2038	6331	2303
NM_001011551|C1GALT1C1	808	601	1175	1175	898	1076	690	1038	394	1207	916	980
NM_001171136|ZBED1	1802	2999	5490	5490	3062	3037	4441	346	2327	3261	4688	5413
NR_026975|FIRRE	100	149	352	352	135	83	138	110	21	17	148	152
NM_001142419|MORF4L2	298	132	268	268	188	202	230	208	119	282	351	196
NM_001029891|PGAM4	4032	4691	8525	8525	4109	6589	10263	9286	5141	6854	10250	9850
NM_001281463|SMC1A	6	3	11	11	364	9	1397	20	998	14	1629	1615
NR_030737|TTC3P1	22	25	43	43	27	20	23	51	26	27	36	41
NM_001178099|ZNF182	415	1	4	4	30	2	50	104	111	254	35	73
NM_001171080|RBM41	416	407	881	881	724	659	565	500	269	644	1112	575
NM_001126055|CASK	204	1107	2608	2608	1547	1122	990	1618	280	1124	1626	1396
NM_021806|FAM3A	210	136	291	291	351	326	409	591	267	424	217	687
NM_000276|OCRL	275	229	456	456	421	471	260	274	167	44	842	113
NM_144970|CXorf38	1812	2561	3488	3488	1893	2355	3574	3854	1422	2465	2949	2907
NM_014499|P2RY10	1433	992	1501	1501	1210	1311	1506	1572	854	1888	1922	1781
NM_173470|MMGT1	1611	1347	2259	2259	1737	1888	1518	1706	811	1755	2049	1814
NM_020932|MAGEE1	62	79	90	90	76	28	138	189	108	110	154	164
NM_001272061|MAGED4	7	2	4	4	7	4	2	8	2	6	9	37
NM_001184898|PHF8	3	13	42	42	19	11	10	19	7	26	26	14
NM_144495|PQBP1	61	31	143	143	65	46	74	52	46	65	64	54
NM_001129899|KRBOX4	146	132	154	154	113	98	79	206	91	130	94	203
NM_000252|MTM1	206	351	306	306	365	515	269	558	296	313	347	592
NM_001415|EIF2S3	22536	18969	26074	26074	17691	16442	23505	30917	12589	16226	22336	18632
NM_032553|GPR174	142	465	418	418	325	269	389	601	143	690	563	626
NM_004017|DMD	221	335	1119	1119	602	479	1093	356	266	545	1602	886
NM_001152|SLC25A5	19497	16353	28105	28105	19660	21614	25020	40435	12290	22798	29740	27438
NM_004699|FAM50A	2773	1442	4726	4726	2779	2240	3147	3726	1469	2782	3084	3468
NM_015922|NSDHL	1308	1034	1814	1814	1114	1437	1135	2219	951	1469	1471	2066
NM_001256120|NAA10	358	212	669	669	456	337	300	540	64	341	268	315
NM_005745|BCAP31	218	62	365	365	961	354	656	129	66	590	136	137
NM_018388|MBNL3	614	2038	2725	2725	688	1438	2447	412	1202	701	349	3268
NM_001142425|MORF4L2	447	385	602	602	248	609	324	371	261	501	430	340
NM_001173488|NKRF	379	120	117	117	213	101	104	104	86	245	209	183
NM_001010986|ATP11C	761	1310	1642	1642	1073	1461	1106	1316	520	1258	1880	1481
NM_001145073|USP27X	44	84	102	102	88	100	115	140	63	121	161	175
NM_001303625|RPL10	35	6	6	6	125	7	20	222	148	70	196	8
NM_002764|PRPS1	2745	3303	5626	5626	3272	3807	4147	5099	1753	3678	5236	4100
NM_001289773|MED14OS	27	17	63	63	36	29	57	26	4	15	56	37
NM_001282622|KDM5C	3364	3349	3239	3239	2131	2286	4270	5305	2779	2610	2452	3740
NR_028379|FTX	168	241	40	40	245	347	380	606	21	31	35	34
NM_006978|RNF113A	1400	927	1468	1468	1102	1229	1343	2123	793	1691	1461	1791
NR_110410|RAP2C-AS1	41	24	67	67	37	48	55	57	34	55	92	57
NM_001122898|CD99	122	53	54	54	104	78	113	2952	92	187	76	2488
NR_033187|PIN4	179	135	235	235	214	148	148	265	93	234	252	257
NM_001032381|PQBP1	440	143	318	318	140	394	603	895	148	582	634	338
NM_001551|IGBP1	3093	3418	4012	4012	2989	4169	4319	6840	2306	5238	4618	5376
NM_001166599|FAM122B	836	1772	3189	3189	2408	790	1289	2199	391	2608	3338	2452
NM_005334|HCFC1	8285	5963	10638	10638	10622	5612	7376	9993	4533	6719	7316	9908
NR_104128|IDS	100	158	171	171	139	106	279	214	88	176	286	572
NM_171998|RAB39B	689	520	788	788	654	683	825	876	295	1257	749	803
NM_006649|UTP14A	1765	1917	3601	3601	2366	2235	1870	3299	1079	2313	2415	2726
NM_018360|TXLNG	1902	2083	2784	2784	1842	2154	2062	2719	1249	1797	2417	1681
NM_002536|TBC1D25	975	775	1160	1160	964	981	1252	1923	803	1205	1557	2228
NM_001037171|ACOT9	1259	1280	2369	2369	1445	1545	1709	1763	403	1797	2118	1831
NM_024332|BRCC3	210	380	666	666	979	605	258	572	219	216	550	459
NM_001024455|RGAG4	16	66	77	77	53	42	67	103	4	41	17	113
NM_001195328|RAB9A	513	296	843	843	542	625	550	749	212	671	442	353
NM_001171163|ZMYM3	23	39	30	30	28	37	45	61	28	36	40	61
NM_001097579|GPR34	24	44	126	126	164	72	8	108	27	8	66	160
NM_007130|ZNF41	375	533	767	767	523	664	648	746	345	725	893	906
NM_016937|POLA1	2158	3068	5049	5049	3030	3409	4074	3940	1727	3120	5544	3966
NM_013995|LAMP2	2623	3326	5618	5618	3626	3891	4255	3604	1491	4955	5342	4186
NM_144658|DOCK11	1610	2632	2976	2976	2692	2927	3129	2720	1744	3078	4352	3949
NM_145177|DHRSX	925	579	1098	1098	684	825	611	771	356	699	727	1035
NM_021998|ZNF711	149	147	339	339	275	167	217	373	122	296	217	384
NM_004085|TIMM8A	649	540	1154	1154	818	727	673	978	328	584	834	714
NM_006579|EBP	2764	2226	3656	3656	2800	3114	3519	6023	2620	3309	3878	5134
NM_177433|MAGED2	468	759	402	402	269	888	448	598	367	539	666	848
NR_027402|FAM223B	8	6	4	4	6	14	6	18	8	6	8	16
NM_001001995|GPM6B	32	44	100	100	72	58	33	48	13	27	63	55
NM_178175|LHFPL1	18	35	154	154	80	86	62	59	18	70	112	152
NR_104387|TAF1	23	38	74	74	52	127	68	102	29	76	79	114
NM_001306206|CSTF2	1	4	11	11	5	18	2	2	7	1	2	4
NR_033699|FMR1	109	85	214	214	420	417	220	570	65	373	244	257
NM_001167|XIAP	905	1348	2235	2235	1525	1963	2175	1547	911	3277	942	2153
NM_198450|APOOL	1179	1253	1831	1831	1197	1215	1766	1493	798	1338	2483	1835
NM_015975|TAF9B	1125	1091	2725	2725	1855	1614	1079	1503	501	1530	1946	1269
NM_019886|CHST7	343	226	502	502	518	578	647	381	179	474	272	379
NM_019556|MOSPD1	112	139	198	198	292	297	182	305	84	308	265	393
NM_018990|SASH3	12980	11100	24145	24145	12939	10805	15542	21781	7680	15853	14625	19868
NM_001142418|MORF4L2	905	851	1160	1160	962	878	764	1362	345	1060	1206	704
NM_001168478|ARMCX5	8	319	499	499	42	266	233	351	51	303	425	306
NM_152787|TAB3	1056	1596	2879	2879	1705	1762	2020	1765	891	2209	2853	2572
NM_001173517|MAP7D3	22	12	41	41	28	19	4	127	7	26	40	21
NM_001504|CXCR3	416	374	307	307	846	239	757	848	1183	2045	831	1958
NM_015884|MBTPS2	630	826	1433	1433	814	941	1096	1113	572	1178	1643	1245
NM_001006613|WBP5	40	38	118	118	74	128	91	56	24	72	102	52
NM_013364|PNMA3	5	10	8	8	15	22	6	9	5	8	12	5
NM_001099922|ALG13	698	67	1281	1281	442	47	933	1654	67	129	113	996
NM_001042498|SLC35A2	584	218	567	567	213	507	496	662	186	583	321	322
NM_018466|ALG13	176	8	193	193	144	26	95	35	6	20	11	209
NM_178129|P2RY8	5496	4238	6471	6471	7042	6743	7084	10874	3831	7770	7891	11416
NR_037927|SSR4	161	47	188	188	97	138	249	96	201	286	246	257
NM_022117|TSPYL2	1237	868	1834	1834	1295	1135	1397	1681	455	1588	1606	1565
NM_018486|HDAC8	381	587	853	853	415	704	572	772	322	581	514	626
NM_006520|DYNLT3	740	655	1347	1347	992	982	810	625	265	1042	1313	780
NM_023934|FUNDC2	3021	2473	5005	5005	3081	3553	2854	4903	2120	2487	3426	3577
NM_004016|DMD	168	522	1083	1083	840	475	693	528	168	300	1210	795
NM_001170784|FAM122C	21	28	28	28	38	20	72	37	14	1	31	2
NM_001142423|MORF4L2	1587	1854	4309	4309	2563	2641	2803	3305	1038	3072	2866	2207
NM_001256447|BCAP31	2098	3386	2711	2711	1812	2115	1280	7321	2037	2186	4314	5130
NM_001010862|SPIN3	448	378	1090	1090	465	447	420	680	246	636	767	630
NM_003179|SYP	30	16	66	66	46	32	39	112	29	30	34	40
NM_001325|CSTF2	1765	1262	2892	2892	1697	231	1712	326	874	1699	2275	2246
NR_026742|USP27X-AS1	31	27	69	69	50	36	74	85	16	43	47	73
NR_002309|RPS26P11	452	211	477	477	306	631	739	1005	525	965	965	932
NM_017883|WDR13	526	181	555	555	477	377	501	201	100	385	306	327
NM_001242618|NXT2	485	376	457	457	552	281	639	627	225	831	862	685
NM_016500|PBDC1	1245	965	1819	1819	1593	1462	1122	1449	331	1688	1525	1557
NR_109776|ARHGAP6	3	3	2	2	1	3	21	15	4	12	13	15
NM_001039591|USP9X	5078	9293	11448	11448	6617	6941	10423	10302	5408	8414	12241	12965
NM_016120|RLIM	3031	2692	3507	3507	2684	4503	4277	4579	1633	5051	3529	3729
NM_003254|TIMP1	2124	1585	4736	4736	2636	1602	3169	3093	1688	1711	2514	6159
NM_173694|ATP11C	458	1237	2277	2277	1314	1204	1570	1024	871	1598	2040	1724
NM_001166426|WDR13	747	652	1848	1848	796	855	1219	1712	655	1041	1034	1791
NM_001171909|CXorf40A	45	69	182	182	83	39	65	132	55	49	63	91
NM_003334|UBA1	12095	11238	13339	13339	11560	8197	12209	20083	1825	7653	9217	15211
NM_004187|KDM5C	2659	3015	3006	3006	1975	1638	5416	4814	2674	2514	3862	4081
NR_026710|ASMTL-AS1	62	44	94	94	90	65	54	278	32	54	158	145
NM_004229|MED14	3315	5109	7879	7879	4189	4191	5223	5672	2776	3804	6335	6218
NM_001171162|ZMYM3	18	45	18	18	33	566	51	46	16	9	674	870
NM_173794|FUNDC1	555	622	1024	1024	644	793	915	966	300	679	933	725
NR_104107|SLC25A14	61	176	185	185	74	169	70	156	36	89	127	190
NR_026595|FAM226A	22	32	16	16	23	10	86	110	40	28	52	58
NM_001134321|FAM127B	158	80	158	158	176	191	195	158	53	190	168	113
NM_152856|RBM10	434	276	672	672	355	292	185	597	301	227	505	840
NM_018094|GSPT2	811	799	1307	1307	1075	953	937	1298	549	1330	1119	1299
NM_017752|TBC1D8B	80	243	530	530	297	368	752	174	149	323	342	394
NM_001412|EIF1AX	7059	6656	7758	7758	6372	7028	7586	8147	3429	5607	6552	4630
NM_001080425|BEX4	346	552	641	641	471	850	232	105	117	235	1202	127
NM_006014|LAGE3	771	304	842	842	840	730	843	1036	296	799	463	566
NM_000061|BTK	5789	6578	9242	9242	6450	8740	6749	12305	5047	8386	6932	10949
NM_033518|SLC38A5	3177	1599	3888	3888	2948	2759	2577	4495	1636	3032	2299	2911
NR_103768|CH17-340M24.3	53	48	81	81	70	59	36	82	50	63	47	96
NM_018390|PLCXD1	3099	1696	3370	3370	1717	1613	4772	5773	3990	2952	4758	7880
NM_174912|FAAH2	64	75	145	145	30	102	276	165	87	200	286	150
NM_005229|ELK1	1560	843	2571	2571	2226	1733	1987	1937	654	2006	1056	1634
NM_000397|CYBB	2792	4856	7353	7353	6290	5148	4817	9662	3642	5145	6791	7390
NR_024616|INE1	16	39	67	67	31	16	32	66	26	67	70	58
NM_001013845|CXorf40B	1089	809	1978	1978	1116	1172	1272	1543	410	839	1318	1466
NR_028597|SRD5A1P1	18	19	20	20	15	17	17	15	4	29	24	16
NM_001939|DRP2	17	6	30	30	26	16	28	29	24	34	54	42
NM_001033583|ACOT9	303	118	903	903	533	302	383	532	144	433	299	282
NM_015691|WWC3	1618	2006	1632	1632	2063	2498	1071	7324	1791	264	4781	1698
NM_013239|PPP2R3B	507	178	561	561	298	96	434	373	138	157	287	407
NM_006089|SCML2	16	3	17	17	6	16	4	12	12	57	20	13
NM_016608|ARMCX1	103	58	396	396	169	95	259	17	14	111	179	192
NM_001007|RPS4X	114738	84783	79594	79594	56917	76149	119127	193179	60288	74440	79547	83100
NM_006743|RBM3	14994	12423	20102	20102	13143	18754	20371	20401	6150	17655	31985	19830
NM_001012968|SPIN4	613	710	999	999	822	804	1070	1184	467	851	1231	971
NM_001166422|HDAC8	38	31	83	83	33	38	23	108	13	76	69	34
NM_181313|TAZ	207	68	274	274	324	96	155	132	122	116	180	204
NM_001204468|RBM10	338	471	1439	1439	582	801	702	660	318	625	719	1047
NR_110022|DKC1	4	76	1655	1655	9	157	928	16	162	134	304	10
NR_033181|SYAP1	318	379	513	513	391	333	336	844	152	383	494	148
NM_024122|APOO	652	446	1401	1401	839	756	604	823	280	656	761	619
NM_003828|MTMR1	1	1	5	5	4	7	3	54	48	3	2	9
NR_132647|AIFM1	25	9	112	112	224	73	58	44	28	46	41	72
NM_001000|RPL39	10791	9475	14452	14452	10452	12646	12554	17454	8061	11065	12218	11960
NM_001166550|IDS	216	3671	958	958	356	874	883	767	279	707	5734	6198
NM_001282302|TMEM185A	32	38	93	93	11	32	41	32	12	51	51	35
NM_007157|ZXDB	434	398	586	586	589	598	714	794	330	822	856	759
NM_004726|REPS2	19	3	22	22	18	22	12	12	8	13	10	23
NM_013427|ARHGAP6	518	545	705	705	587	383	605	502	302	481	758	489
NR_030722|FAM104B	16	16	40	40	15	34	27	15	9	13	21	15
NM_001184819|GNL3L	4065	1212	2607	2607	3879	2014	1982	3336	1076	1852	2998	3981
NM_001171907|CXorf40A	318	313	587	587	390	294	369	637	138	418	371	354
NM_021140|KDM6A	215	365	1075	1075	384	794	539	1063	421	529	603	472
NM_001164803|RBMX	1741	1846	3001	3001	2607	2527	1698	2629	903	2196	3224	2206
NM_000206|IL2RG	12830	8986	17162	17162	11109	11904	15690	18210	8613	15121	17105	19105
NM_019067|GNL3L	807	997	1091	1091	1137	368	462	1316	1001	874	746	1004
NM_017602|OTUD5	284	121	401	401	537	255	868	693	131	342	636	476
NR_029637|MIR223	1	3	2	2	1	4	5	15	1	1	4	3
NM_001135998|NDUFB11	2170	1412	2877	2877	2052	2180	2749	3308	1105	2430	2064	2235
NM_006667|PGRMC1	1466	1516	2400	2400	2089	2240	1936	2112	876	2001	2138	1764
NM_016607|ARMCX3	1234	841	1255	1255	1144	1360	1409	1225	441	1634	951	1685
NM_001010888|ZC3H12B	38	40	110	110	51	48	62	55	14	42	97	56
NM_001145409|NONO	3101	2227	2972	2972	1697	3563	2607	4926	972	1317	3256	2852
NM_000132|F8	9	25	51	51	19	15	7	22	23	2	17	20
NM_152581|MOSPD2	349	508	1178	1178	601	703	769	462	288	818	1031	950
NM_014563|TRAPPC2	37	30	36	36	25	19	32	158	42	35	43	66
NM_024863|TCEAL4	149	79	214	214	113	1	1	116	1	105	117	74
NR_027139|SPIN3	97	87	201	201	138	44	114	173	56	141	205	116
NM_001136273|ZFP92	13	36	17	17	31	43	29	27	4	37	31	24
NM_005120|MED12	2189	2932	5072	5072	2837	2556	3636	5031	2139	2998	4638	6078
NM_004979|KCND1	55	40	79	79	67	70	85	128	66	69	139	160
NM_003688|CASK	365	205	160	160	152	74	44	73	3	693	174	123
NM_207318|FAM199X	1371	1630	2944	2944	2066	2334	2340	2447	1125	2723	3570	2691
NM_000328|RPGR	224	336	419	419	366	291	361	260	128	442	520	210
NM_001363|DKC1	5168	1651	1076	1076	6778	2389	837	8752	3038	5341	6562	6348
NM_181673|OGT	824	621	2320	2320	1405	1450	1466	3896	2116	2131	2239	1882
NR_028443|SLC25A5-AS1	74	56	193	193	109	111	72	115	29	79	87	97
NM_001129900|KRBOX4	157	92	183	183	121	119	155	115	37	109	154	232
NM_003173|SUV39H1	1378	1215	1649	1649	1299	1360	1513	2591	909	1263	1772	2088
NM_001039840|CHIC1	520	568	1046	1046	565	575	539	630	324	1052	928	934
NM_032926|TCEAL3	647	335	1127	1127	776	685	691	411	333	808	663	545
NM_017544|NKRF	1072	1419	2219	2219	1695	1829	1405	2310	964	1921	2070	2038
NM_001303624|RPL10	17899	5774	3586	3586	6307	4640	4487	33470	6742	22115	1528	4319
NM_016542|STK26	3693	4158	8170	8170	5394	4983	6785	2020	1162	3899	3052	3536
NM_003399|XPNPEP2	79	57	123	123	39	23	86	45	14	20	35	101
NM_001008222|ZDHHC9	4	55	50	50	23	21	12	135	105	16	82	67
NM_001012755|SLC25A53	171	298	680	680	362	322	214	493	106	234	313	445
NM_014599|MAGED2	256	632	1031	1031	1151	859	894	1245	459	866	709	1142
NM_024528|NKAP	1096	725	1432	1432	1264	1328	1236	949	416	1308	1318	974
NM_001006640|TCEAL1	131	128	199	199	120	129	134	177	95	51	130	241
NM_031892|SH3KBP1	6941	9470	18541	18541	11085	13460	17292	15144	5572	17749	18035	19331
NM_001164741|ARHGAP4	11	148	1161	1161	491	12	864	395	15	437	542	933
NM_001666|ARHGAP4	3536	1748	6023	6023	4603	3921	4205	3604	1545	4315	2372	2905
NM_145052|UPRT	390	360	556	556	799	738	821	720	341	890	879	659
NR_024048|TAZ	104	107	304	304	67	103	198	113	50	28	139	119
NM_005840|SPRY3	17	22	52	52	27	16	28	38	12	36	39	76
NM_001306144|MTMR1	1948	2087	3601	3601	2485	2718	2778	3572	1422	3065	3192	3435
NM_030763|HMGN5	671	1632	1195	1195	1724	1707	1285	1394	770	1548	1431	1153
NM_018301|RBM41	169	261	610	610	347	263	373	345	134	380	705	623
NR_110021|DKC1	431	1626	1116	1116	14	179	602	393	116	86	143	13
NM_014496|RPS6KA6	42	125	120	120	85	73	54	410	16	9	358	290
NM_032335|PHF6	19	45	68	68	36	43	42	43	40	86	72	77
NR_033380|CD99P1	25	17	52	52	38	12	23	42	5	41	79	48
NM_181762|UBE2A	77	65	709	709	103	194	158	255	100	168	136	66
NM_004794|RAB33A	892	594	926	926	761	1111	1281	1682	793	1295	1321	1193
NR_110023|DKC1	6	2346	1874	1874	585	203	45	285	6	391	586	396
NM_007250|KLF8	151	281	785	785	449	411	510	498	418	229	518	989
NM_000390|CHM	678	945	1491	1491	878	1165	1762	1385	618	1059	1512	1366
NM_004595|SMS	5701	4583	8072	8072	5785	5715	4865	7910	2771	5048	8815	6432
NM_019045|WDR44	695	633	1250	1250	1109	1003	1046	1086	596	1350	1332	1433
NM_001301228|HMGB3	474	263	522	522	464	790	273	975	165	499	632	814
NM_000351|STS	876	2289	1135	1135	1368	1404	2978	3639	1315	1783	3344	1841
NM_001142421|MORF4L2	159	192	242	242	363	530	213	420	140	458	223	305
NM_001456|FLNA	14754	11221	36732	36732	20556	13410	16491	9498	5947	18004	15634	27504
NM_005391|PDK3	162	205	370	370	395	240	371	202	101	212	216	175
NM_001560|IL13RA1	78	77	63	63	77	45	156	163	257	54	224	122
NM_014008|CCDC22	1222	884	1751	1751	1318	1106	1650	2269	799	1192	1365	1770
NM_001569|IRAK1	4120	2765	6422	6422	4950	4970	4047	7252	2633	7177	3481	5466
NM_007220|CA5B	178	189	199	199	164	206	203	348	129	230	345	254
NM_002637|PHKA1	24	70	126	126	59	30	78	112	78	57	76	195
NM_017669|ERCC6L	609	940	1326	1326	1008	1131	1030	1060	508	1085	1523	1236
NM_001032382|PQBP1	932	995	1572	1572	1226	936	893	2138	661	1079	993	1866
NM_022825|PORCN	199	239	171	171	199	168	161	321	170	129	202	162
NM_001130997|FAM58A	259	128	378	378	373	322	208	367	31	272	186	254
NM_014481|APEX2	2301	1952	3379	3379	2105	2133	2388	3857	1520	1978	2860	3244
NM_001170781|FAM122C	81	77	134	134	98	67	73	136	38	105	126	117
NM_006044|HDAC6	1756	1982	3444	3444	2126	2088	2417	3522	1222	2555	2604	2999
NM_001142386|PDK3	3985	3947	7217	7217	4078	4974	6719	4616	2025	3885	8176	6404
NM_001166420|HDAC8	27	18	42	42	26	31	15	41	6	34	40	35
NM_206923|YY2	79	57	207	207	125	94	81	107	60	156	141	145
NM_194324|TMSB15B	101	116	273	273	130	156	181	156	51	67	130	330
NM_001042479|GEMIN8	902	857	945	945	682	738	736	1097	297	607	837	665
NM_014061|MAGEH1	881	532	1079	1079	767	813	644	1021	369	944	710	795
NM_080817|GPR82	32	36	152	152	125	82	15	112	47	29	46	200
NM_001145951|TIMM8A	26	24	57	57	45	39	57	61	32	38	59	35
NM_014060|MCTS1	2094	1991	4316	4316	2983	2649	2432	3807	1029	2931	3730	2121
NM_021242|MID1IP1	4991	3576	4333	4333	4476	3550	1412	999	911	3302	3147	886
NR_024582|JPX	118	129	108	108	64	106	129	191	66	77	133	63
NM_001006935|TCEAL4	900	953	1850	1850	1329	1245	1279	1734	627	1218	1756	1731
NM_145800|SEPT6	179	392	662	662	744	488	751	816	582	734	548	411
NM_023010|UPF3B	1015	1299	2055	2055	1666	1684	1614	1175	564	1639	1748	1512
NM_177948|ARMCX3	56	3	9	9	2	82	129	170	87	44	56	38
NM_001282142|TFE3	505	237	696	696	391	309	456	693	534	770	443	945
NM_001042537|SLC9A6	809	1184	2035	2035	647	1462	527	521	723	985	1840	1622
NM_198279|CXorf23	261	315	533	533	414	350	386	428	177	470	743	495
NM_002436|MPP1	1135	1271	2038	2038	1298	1097	1366	1745	468	514	1271	1018
NM_001282201|ZNF630	77	25	90	90	96	81	114	154	48	161	102	175
NM_024917|TRMT2B	35	514	313	313	302	293	708	932	302	615	361	761
NM_001143978|ZCCHC18	11	52	44	44	23	31	26	48	19	28	27	23
NR_111960|KDM6A	203	320	14	14	180	167	362	310	216	379	340	249
NM_030624|KLHL15	550	967	1331	1331	947	1166	1318	1180	556	1119	1758	1696
NM_004493|HSD17B10	3174	2196	5844	5844	3774	2844	3526	5409	1841	2928	3504	4552
NM_001136157|OTUD5	2472	1694	3012	3012	650	2035	1032	723	1257	1818	701	560
NM_006280|SSR4	7746	3129	6612	6612	5800	6317	6142	6888	1287	9617	4263	5633
NM_006730|DNASE1L1	217	10	202	202	154	116	235	331	11	27	138	213
NM_001258423|SMS	459	172	624	624	558	893	472	281	87	337	236	209
NM_001142424|MORF4L2	1159	1010	1710	1710	986	1048	1253	1530	354	1200	1555	863
NM_007131|ZNF75D	334	470	640	640	545	585	532	659	247	740	661	809
NM_002765|PRPS2	3245	1815	5839	5839	4019	4243	4855	3821	1610	3950	5970	3881
NM_002970|SAT1	3064	2492	3501	3501	2525	3988	3209	5138	1460	4423	3135	3330
NM_033018|CDK16	1174	851	1924	1924	263	881	555	1629	631	963	32	1109
NM_001142426|MORF4L2	131	65	264	264	213	109	217	151	49	139	285	126
NM_000402|G6PD	2353	1251	3277	3277	2383	1869	1359	3512	882	1442	1556	2681
NM_000381|MID1	22	12	20	20	4	12	53	23	12	6	54	25
NM_019848|SLC10A3	507	502	640	640	669	752	547	1005	335	738	526	1036
NM_001171908|CXorf40A	48	71	182	182	47	289	140	64	71	130	118	137
NM_004840|ARHGEF6	1573	2379	3203	3203	2434	2473	2269	3466	1442	1326	2907	4029
NM_001008537|KIAA2022	68	177	327	327	177	271	146	512	442	133	218	656
NM_001291416|KDM6A	583	842	749	749	694	598	960	917	514	557	668	618
NR_034031|LOC389906	556	410	523	523	387	439	524	610	222	309	240	554
NM_004344|CETN2	837	814	1403	1403	977	1100	944	1039	438	1075	1086	975
NM_001146702|KDM5C	283	205	325	325	144	107	363	1866	223	181	195	738
NM_017514|PLXNA3	646	482	1018	1018	878	862	439	616	350	789	519	694
NR_003255|TSIX	1374	800	20	20	30	23	1277	4531	392	46	15	50
NM_002668|PLP2	2313	2948	3723	3723	2927	3853	4602	6207	2017	4900	4056	5472
NM_006013|RPL10	1065	7480	11865	11865	9660	9853	11999	6569	2035	6359	12284	20922
NM_001167989|PQBP1	41	136	208	208	159	35	49	65	99	30	32	212
NR_000011|SNORA70	127	105	195	195	129	98	110	245	79	150	165	178
NM_024921|POF1B	14	4	61	61	126	74	90	82	26	276	65	58
NM_012084|GLUD2	145	214	352	352	217	222	388	396	166	346	396	528
NM_017681|NUP62CL	8	18	41	41	22	56	29	51	22	79	48	41
NM_003022|SH3BGRL	6199	6606	9789	9789	7406	8657	7506	8551	4054	9691	10446	10946
NR_027455|LINC00893	16	39	117	117	26	20	71	67	14	27	79	70
NM_013347|RPA4	2	8	7	7	9	8	2	16	5	5	7	7
NM_001204467|RBM10	1407	1154	2465	2465	1976	1508	1736	2848	1190	2232	1425	1562
NM_001009932|DNASE1L1	146	74	319	319	136	321	200	339	113	444	176	497
NM_001032393|HNRNPH2	161	461	781	781	704	1135	542	724	139	367	821	836
NM_001139457|BCAP31	1963	281	3110	3110	2073	1523	1339	686	322	1871	570	1323
NM_002186|IL9R	30	47	68	68	59	47	95	82	130	74	221	405
NM_001039590|USP9X	953	1265	1674	1674	978	2076	2270	1587	1218	933	2568	1473
NM_001078172|FAM127B	252	218	323	323	227	236	254	321	139	217	344	343
NM_017413|APLN	102	53	201	201	35	128	225	85	26	48	277	146
NM_001448|GPC4	225	351	723	723	405	608	1189	2365	12	25	692	2127
NM_004018|DMD	194	379	1671	1671	912	517	965	451	178	535	886	586
NR_027456|LINC00894	6	28	108	108	38	31	41	57	19	54	115	56
NM_001421|ELF4	1655	3886	2277	2277	1377	2023	2680	2337	1447	2548	2575	4622
NM_006733|CENPI	487	635	1149	1149	804	917	916	868	428	863	1204	1096
NR_045560|UXT	6	1	3	3	3	2	4	3	1	2	7	6
NM_005660|SLC35A2	71	69	148	148	152	40	78	226	89	112	82	184
NM_003492|TMEM187	221	97	178	178	172	140	133	138	59	191	109	205
NM_006123|IDS	173	127	241	241	138	134	234	191	56	167	128	269
NM_022838|ARMCX5	441	239	307	307	224	357	271	268	29	276	422	344
NM_012280|FTSJ1	1758	1331	2243	2243	2027	1902	1968	2134	716	2322	1397	1961
NM_016303|WBP5	120	75	362	362	243	335	595	239	82	473	468	252
NM_080879|RAB40A	18	14	41	41	12	10	21	28	7	12	33	24
NM_007075|WDR45	7	16	26	26	5	11	12	46	23	23	12	28
NM_001136159|OTUD5	16	26	20	20	32	32	21	795	17	143	566	548
NM_004192|ASMTL	3770	1527	3261	3261	1657	1711	2861	3261	1104	1285	1580	3885
NM_019597|HNRNPH2	3200	3518	6017	6017	4550	3809	2997	4127	1617	3538	4624	4489
NM_025159|CXorf21	1005	3015	1923	1923	2302	2537	2139	4911	1158	2389	2770	2609
NM_004015|DMD	185	536	985	985	923	529	639	308	244	286	1191	668
NM_000033|ABCD1	444	201	451	451	369	285	281	317	174	321	184	429
NM_014500|HTATSF1	2032	2589	3402	3402	3571	3249	2300	3117	1063	2659	3730	3098
NM_005938|FOXO4	295	475	493	493	319	481	444	875	281	567	391	628
NM_001015881|TSC22D3	2	2	73	73	5	75	3	88	3	7	1	1
NM_001168385|ALG13	183	100	125	125	264	102	90	137	49	51	147	157
NM_004992|MECP2	1275	1765	2307	2307	1639	1952	2333	3007	1407	2317	2439	3569
NM_001184797|TMLHE	1	85	65	65	38	62	76	76	35	40	79	36
NR_026551|CA5BP1	212	225	262	262	227	150	217	452	215	294	206	295
NM_174869|IDH3G	465	245	1150	1150	728	208	448	871	148	436	452	474
NM_004458|ACSL4	4565	6945	12232	12232	7713	8383	6823	6328	3435	9494	7661	7572
NM_015185|ARHGEF9	242	962	1905	1905	1199	196	1446	1738	790	936	1927	1743
NM_001171876|MCF2	12	4	18	18	21	11	5	7	9	30	48	38
NM_153252|BRWD3	1141	1751	2977	2977	1462	1758	2172	2210	1167	2046	3293	2705
NM_004606|TAF1	812	2892	3456	3456	2560	1366	3009	3439	2008	1833	3425	5230
NM_170750|PSMD10	151	91	96	96	194	142	317	213	145	257	245	261
NM_001032383|PQBP1	442	191	417	417	296	294	236	441	142	320	395	357
NM_032458|PHF6	826	817	1477	1477	1598	1062	1291	1117	1206	902	1744	1688
NM_006125|ARHGAP6	42	23	120	120	116	72	120	56	28	107	167	124
NM_001018055|BRCC3	738	979	1914	1914	896	1483	1272	861	774	1288	1607	1466
NM_012227|GTPBP6	1950	1126	3644	3644	2871	2422	2790	2712	617	2326	1445	2284
NM_058163|TSR2	1724	1771	2710	2710	2324	1951	1895	3555	1088	2067	2164	3083
NM_206917|NGFRAP1	70	32	382	382	81	116	433	309	36	136	137	152
NM_001015877|PHF6	1205	2808	2983	2983	2352	3169	3432	3693	1666	3278	4658	4233
NR_029379|PHKA2-AS1	18	18	56	56	21	16	10	48	10	35	23	25
NM_033215|PPP1R3F	173	101	209	209	189	179	139	115	54	187	159	148
NR_027141|FAM45BP	373	345	663	663	521	596	475	645	412	791	668	672
NM_001654|ARAF	3049	1855	3774	3774	2634	2187	2745	3660	1402	2428	2385	3795
NM_012286|MORF4L2	1316	1102	2316	2316	1738	1711	1422	1865	678	1616	2214	1451
NR_110456|KANTR	43	58	74	74	61	37	89	76	27	54	76	93
NM_014380|NGFRAP1	9	1	27	27	6	2	31	4	1	10	16	2
NM_001271696|ABCB7	273	904	1653	1653	816	1176	1134	927	510	885	1492	1284
NM_005333|HCCS	1021	989	1999	1999	1319	1430	1269	1438	389	1339	1493	1676
NM_001018025|MTCP1	24	24	98	98	32	40	53	59	82	104	56	46
NM_001242617|NXT2	292	512	1279	1279	665	1077	708	641	306	580	813	772
NM_145799|SEPT6	18727	22677	18581	18581	11543	16367	21513	49308	14474	17643	24964	24519
NM_078628|MSL3	1739	2425	2333	2333	1305	1375	2039	2329	567	2506	1977	1213
NM_001306145|MTMR1	35	42	91	91	102	55	11	7	2	11	63	5
NM_021029|RPL36A	6641	5935	9336	9336	6072	10034	9751	12073	4551	9006	7394	7144
NR_033381|CD99P1	79	79	123	123	51	78	195	186	41	139	226	271
NM_001307944|UPRT	212	174	388	388	216	204	227	259	88	8	205	275
NM_001168465|MAP7D2	111	442	990	990	523	527	2104	899	90	712	1655	497
NM_015365|AMMECR1	940	963	1391	1391	1170	1392	804	1117	647	1189	1355	1432
NM_005765|ATP6AP2	2937	2729	5725	5725	4356	4338	3853	4124	1926	5216	5127	6179
NM_001288747|DKC1	887	109	3471	3471	231	2898	2981	319	92	282	597	195
NM_005834|TIMM17B	1402	952	2144	2144	1408	1200	1446	2318	754	1485	1074	1792
NM_007156|ZXDA	150	146	240	240	169	202	273	270	119	328	349	284
NM_201286|USP51	85	179	309	309	180	162	123	164	48	96	187	172
NM_015698|GPKOW	1102	887	2190	2190	1232	1245	1244	1729	592	1186	1501	1658
NM_004867|ITM2A	4055	1459	3123	3123	1705	2944	2121	3644	1007	6289	2752	3568
NM_021783|EDA2R	570	196	1595	1595	726	181	620	654	2	402	625	624
NR_026545|APOO	132	53	158	158	87	96	43	50	17	85	130	93
NM_004019|DMD	10	13	43	43	25	17	45	5	5	6	18	7
NM_001006937|TCEAL4	242	190	457	457	375	358	264	288	130	161	399	285
NM_005044|PRKX	2278	3361	2964	2964	1934	2946	4097	5018	1704	3031	2920	2886
NM_006777|ZBTB33	1813	2074	3563	3563	1766	2326	1832	1767	1365	2639	2893	2315
NM_021963|NAP1L2	65	108	191	191	255	151	233	242	130	141	244	437
NM_006800|MSL3	1117	2578	1403	1403	924	1062	1352	2076	342	948	1576	740
NR_027131|NKAPP1	65	75	134	134	97	83	69	106	43	94	70	97
NM_004541|NDUFA1	3573	2458	5019	5019	3706	4424	4281	5996	2208	5006	4630	5201
NM_001037540|SCML1	4	11	20	20	3	13	11	11	17	46	52	21
NM_001025265|CXorf65	16	15	47	47	12	34	53	39	25	49	50	8
NR_033836|PIGA	115	68	171	171	87	104	290	64	123	234	170	86
NM_000052|ATP7A	1253	1517	1733	1733	1242	2166	2400	1709	980	1727	3830	3150
NM_001199972|RPL36A	342	109	1797	1797	268	157	236	939	136	571	1093	826
NM_001184745|PPP1R3F	3	26	49	49	37	4	62	62	3	2	3	31
NM_001282167|PORCN	41	45	315	315	45	179	128	93	23	27	78	99
NM_014782|ARMCX2	83	7	193	193	114	162	229	35	181	1	71	90
NM_052957|ACRC	89	56	132	132	117	89	60	153	55	117	106	147
NM_178124|CXorf40A	521	461	1189	1189	637	528	962	843	337	751	747	900
NM_002024|FMR1	151	233	659	659	463	376	190	537	134	817	671	490
NM_153477|UXT	583	425	683	683	289	309	596	730	103	421	643	745
NM_003611|OFD1	1366	2227	2870	2870	1933	2164	1857	2344	1040	1788	3187	2769
NM_006406|PRDX4	2529	1991	2628	2628	2431	3438	2478	3159	797	3928	2355	2346
NM_145305|SLC25A43	771	910	1242	1242	1016	1041	1037	870	410	1262	1210	970
NM_000291|PGK1	61297	79170	72641	72641	46494	97443	120825	104502	45612	78172	146310	118302
NM_003410|ZFX	715	1120	1755	1755	1510	954	1949	1348	1071	41	440	1668
NM_032121|MAGT1	4595	3939	6268	6268	5912	6627	5635	7221	2661	9715	7077	8003
NM_019863|F8	210	245	232	232	219	220	210	277	111	321	430	486
NR_073150|RAP2C	6	642	12	12	15	27	5	58	321	9	648	437
NM_001184897|PHF8	432	278	991	991	489	620	555	874	362	446	572	809
NM_007213|PRAF2	515	242	313	313	329	236	279	634	245	388	439	382
NM_001242310|EDA2R	69	2	45	45	8	5	37	22	252	15	20	64
NM_001256577|RPL10	3668	731	618	618	523	1190	733	2723	733	814	591	985
NM_001081573|GAB3	161	97	275	275	137	133	150	99	6	115	208	34
NM_003372|VBP1	2822	2474	5311	5311	3614	4168	3431	3667	1665	3976	4618	3448
NM_001001996|GPM6B	20	11	51	51	28	30	14	12	5	15	23	28
NR_130733|LINC00106	7	3	31	31	12	9	10	28	7	13	35	43
NM_002414|CD99	2782	4529	5190	5190	4485	4742	3514	6700	3027	5312	4931	7601
NR_027232|LINC00685	19	18	79	79	14	22	72	77	22	51	48	84
NR_015367|LINC01420	1098	1204	2043	2043	1274	1323	1381	1505	695	1365	1626	1595
NM_001185076|FMR1	955	1235	1204	1204	336	433	1366	633	704	727	1921	1649
NM_001114123|ELK1	1681	1329	2830	2830	1464	1519	1984	2579	1046	1696	2784	2708
NM_001282647|SLC35A2	22	21	31	31	46	22	28	15	12	30	20	30
NM_019007|ARMCX6	381	366	469	469	407	400	332	766	254	412	381	626
NM_001866|COX7B	5453	3640	8401	8401	5510	6944	4490	6466	2564	6447	6328	6048
NM_152424|AMER1	790	1204	1991	1991	953	878	1170	1536	527	966	1457	1678
NM_001018024|CMC4	1030	735	1677	1677	1289	1446	1216	1513	551	974	1117	984
NM_001129765|NSDHL	229	286	441	441	459	370	364	302	4	93	306	399
NM_003491|NAA10	1731	717	1614	1614	1282	1035	1055	1317	1166	937	1143	1099
NM_016484|PDZD11	972	1044	1848	1848	1446	1276	1330	1933	636	1388	1515	2016
NM_001142428|MORF4L2	85	71	162	162	136	145	102	95	41	135	97	104
NM_001166419|HDAC8	85	110	256	256	181	287	101	192	62	167	247	238
NM_001306188|MOSPD1	117	166	225	225	75	186	185	187	93	245	213	61
NM_001669|ARSD	154	326	395	395	294	250	273	450	70	561	325	618
NM_145284|FAM122B	672	217	260	260	274	1139	668	368	489	282	367	288
NM_152274|FAM58A	343	228	667	667	462	387	278	374	292	344	422	427
NM_001167972|TRMT2B	749	405	816	816	735	552	369	420	295	508	791	679
NM_005647|TBL1X	1258	1391	2011	2011	471	1456	1988	1591	840	455	2318	3730
NM_005629|SLC6A8	66	42	67	67	17	78	87	157	18	103	138	263
NM_001303626|RPL10	20088	24041	28638	28638	19944	35366	25757	16613	8860	12073	30226	33897
NM_001171132|FAM3A	282	86	333	333	227	360	295	156	70	441	152	289
NM_003159|CDKL5	7	43	89	89	30	46	107	64	43	75	36	119
NR_126059|LINC01560	52	101	169	169	134	102	157	144	93	98	179	131
NM_006064|RRAGB	341	322	535	535	285	340	284	342	194	346	473	441
NM_001006639|TCEAL1	164	208	368	368	370	299	328	315	68	366	510	312
NM_015107|PHF8	1382	1936	2993	2993	2008	1770	1981	3144	909	2384	2686	3255
NM_177439|FTSJ1	667	134	570	570	167	463	316	688	366	134	1061	395
NM_181312|TAZ	163	83	118	118	209	80	117	196	143	151	279	145
NM_001042749|STAG2	4787	2518	3378	3378	4080	4970	2399	1977	31	2089	3699	2148
NM_001042351|G6PD	778	576	1570	1570	908	538	1357	627	530	875	1081	951
NR_034005|LINC00891	42	65	54	54	56	86	28	84	30	12	90	59
NM_001017980|VMA21	2477	2225	4137	4137	3329	2960	2602	3210	1395	2510	3924	2519
NM_001170780|FAM122C	16	20	29	29	18	25	20	49	25	50	35	45
NM_024597|MAP7D3	907	1068	1835	1835	1311	1194	1223	1144	642	1400	1706	1566
NM_001042480|GEMIN8	214	215	361	361	252	328	278	687	254	338	244	319
NM_004463|FGD1	75	59	116	116	116	118	64	132	49	106	76	125
NM_006223|PIN4	376	360	463	463	494	476	272	414	169	372	377	237
NM_013346|SNX12	719	1898	2325	2325	601	792	2280	2852	530	1531	1222	737
NM_006986|MAGED1	7790	4252	8320	8320	5582	5186	6728	8467	3874	6908	7296	8725
NM_001078173|FAM127C	24	6	43	43	20	13	69	2	6	7	19	9
NM_181303|NLGN3	29	21	60	60	20	45	18	41	5	69	95	28
NM_001130846|AIFM1	9	41	63	63	61	15	42	18	13	59	38	44
NM_032227|TMEM164	1404	1240	1909	1909	702	1052	843	1901	776	701	1115	1803
NM_006201|CDK16	1490	1396	2105	2105	2060	1497	2789	3080	1189	1478	2520	2776
NR_038988|LINC00630	41	84	63	63	38	42	66	43	27	69	79	51
NM_002893|RBBP7	5722	6747	9843	9843	7725	8371	7653	9137	3474	6828	10086	8120
NM_001185183|VAMP7	280	96	162	162	122	227	146	140	153	229	210	184
NM_000377|WAS	4086	3532	5197	5197	4473	3156	4396	7530	2902	4529	4595	5862
NM_018015|CXorf57	506	408	642	642	636	803	853	525	310	612	956	522
NM_000169|GLA	815	668	1137	1137	848	1012	784	1582	704	1319	1000	1183
NM_001166702|FAM104B	36	46	130	130	18	47	70	80	57	52	89	74
NM_001204466|RBM10	399	259	608	608	331	284	187	574	276	233	433	1000
NM_201599|ZMYM3	2182	2828	4052	4052	2347	1793	2968	5414	2025	2129	3549	4621
NM_001170779|FAM122C	31	45	41	41	41	42	25	68	21	63	56	37
NR_073156|HAUS7	126	79	141	141	124	120	87	173	45	91	164	157
NM_001129898|KRBOX4	138	81	166	166	101	155	75	146	65	281	230	213
NM_012278|ITGB1BP2	31	14	57	57	20	16	23	71	19	27	29	61
NM_003662|PIR	231	3	439	439	437	372	433	182	79	210	285	237
NR_046706|MID1IP1-AS1	12	25	48	48	22	28	32	70	11	33	70	47
NM_144968|RIBC1	5	4	18	18	6	17	4	21	5	9	12	19
NR_027383|AKAP17A	1323	1692	1568	1568	1136	3305	3687	1694	440	1392	1160	882
NM_006729|DIAPH2	464	273	1088	1088	214	761	475	61	335	623	1022	382
NM_001031834|RAB40AL	3	1	7	7	5	7	2	8	5	7	7	3
NM_003336|UBE2A	2653	2304	3942	3942	3759	3461	2981	3428	1620	3767	3805	3373
NM_001110556|FLNA	13372	18210	46191	46191	28813	14713	24181	25750	9751	13634	23396	41867
NM_007137|ZNF81	211	363	792	792	329	303	427	371	316	431	754	828
NM_001303620|DNASE1L1	309	355	637	637	376	208	854	315	625	369	703	401
NM_018684|ZC4H2	259	420	727	727	298	491	565	668	7	300	679	728
NM_005089|ZRSR2	894	875	785	785	879	687	928	1445	474	775	848	732
NR_121210|UBE2NL	30	20	19	19	39	7	36	32	32	48	18	55
NM_001142422|MORF4L2	109	70	172	172	79	163	145	86	41	115	134	143
NM_004208|AIFM1	3466	3154	6994	6994	3878	4069	4260	6857	2337	4035	5505	5853
NM_173834|YIPF6	751	567	1194	1194	899	975	1092	1172	427	1208	1175	1126
NM_001113490|AMOT	10	89	178	178	101	687	647	980	336	505	1090	1025
NR_039980|LOC286437	31	66	109	109	52	71	52	147	48	93	122	110
NM_001142797|CXCR3	74	95	101	101	72	27	241	242	252	626	154	363
NM_001184772|BCORL1	456	425	517	517	317	326	406	875	535	324	479	735
NM_005088|AKAP17A	2322	201	2709	2709	2517	165	221	3405	1234	3662	2267	3529
NM_001123384|BCOR	67	110	315	315	352	237	243	702	313	99	217	352
NM_001166701|FAM104B	124	81	145	145	138	25	112	101	39	131	148	64
NM_001289|CLIC2	1357	600	2391	2391	1126	413	655	254	294	977	351	421
NM_017666|ZNF280C	368	394	653	653	452	363	381	401	174	348	499	350
NR_029423|MAP2K4P1	7	11	20	20	21	13	22	17	9	15	28	28
NM_078629|MSL3	2499	3050	2642	2642	2781	2299	3066	4022	1170	4183	2819	2370
NM_001271836|CCDC120	234	161	246	246	251	189	243	250	109	333	243	278
NM_004182|UXT	3231	2270	3420	3420	2817	3548	3942	4584	1750	3316	3436	3535
NM_002139|RBMX	8809	10468	16316	16316	11225	13438	13777	19078	6991	13222	16069	14821
NM_000292|PHKA2	1145	1227	2105	2105	1231	1285	1709	2646	965	1536	1947	1969
NM_001282311|FAM3A	216	104	284	284	132	144	255	181	63	192	133	118
NM_201222|MAGED2	1239	591	954	954	884	1133	1147	1280	744	1810	1027	2094
NM_198333|P2RY10	833	904	1140	1140	1077	1140	1200	1762	759	1693	1258	1665
NM_001078171|FAM127A	859	590	1373	1373	1187	732	912	947	415	838	774	1214
NM_001166703|FAM104B	7	3	5	5	5	9	3	6	2	3	4	6
NM_006521|TFE3	1584	1520	2152	2152	1557	1767	2176	2127	669	2072	1831	2103
NM_001256196|ARAF	183	81	140	140	64	78	137	195	87	151	33	45
NM_001199818|ARMCX5-GPRASP2	24	46	87	87	41	70	80	69	17	64	72	120
NM_001166278|DLG3	90	802	617	617	391	583	705	1238	259	417	516	684
NM_032508|TMEM185A	317	485	531	531	531	394	476	848	258	338	463	688
NM_001297563|TCEANC	102	50	106	106	165	133	117	170	111	153	34	119
NM_000284|PDHA1	3038	2787	6159	6159	3793	4409	5115	6164	2414	3919	5682	4856
NM_198456|FAM120C	79	31	123	123	110	86	103	108	31	85	59	66
NM_032796|SYAP1	2586	2913	3513	3513	3590	3540	3276	3870	1417	3509	4198	2975
NM_001018113|FANCB	185	207	444	444	183	259	289	231	147	261	464	302
NM_001256197|ARAF	240	327	509	509	420	316	497	650	148	396	555	567
NM_016370|RAB9B	31	54	46	46	97	74	76	80	18	68	109	54
NM_052936|ATG4A	760	536	1274	1274	745	798	692	962	402	1172	932	999
NM_012080|PUDP	2279	3040	2437	2437	2212	2276	3921	4400	2291	2120	3167	1892
NM_004651|USP11	2784	3136	3954	3954	3279	2903	2837	5466	1927	3010	3894	4549
NM_153333|TCEAL8	1370	1281	2273	2273	1500	1861	1550	1850	728	2185	2528	1669
NM_001636|SLC25A6	44880	23211	46187	46187	34935	37792	51940	50345	17767	43022	29522	44779
NM_002444|MSN	33942	44768	60469	60469	40824	38017	48688	81509	32791	51271	61896	80187
NM_020137|GRIPAP1	2439	2348	4243	4243	3120	2667	2806	4368	1600	3491	3235	5032
NM_005638|VAMP7	1845	1962	3247	3247	2529	2946	2522	3180	1119	2901	3327	3329
NM_175859|CTPS2	1012	705	1773	1773	1234	1059	1369	852	269	1265	870	915
NM_004251|RAB9A	1927	2247	4096	4096	2359	1963	2023	2053	875	2207	2799	2579
NM_181311|TAZ	254	248	388	388	370	328	341	513	161	535	375	366
NM_007309|DIAPH2	116	701	260	260	589	253	586	828	113	415	493	820
NM_001007524|F8A3	6	183	6	6	900	208	226	161	283	8	214	200
NM_001185082|FMR1	186	328	717	717	519	475	487	730	301	800	548	572
NM_177949|ARMCX2	782	423	1856	1856	636	948	1013	747	298	400	1115	898
NM_001029896|WDR45	655	316	717	717	555	617	655	1087	342	1050	803	943
NM_001493|GDI1	4136	3268	6994	6994	4300	3685	4302	5886	2222	4849	4990	6012
NM_001145414|CHM	52	44	71	71	97	67	75	128	40	105	76	117
NM_181672|OGT	6605	6486	11447	11447	10192	7607	9010	13225	4094	12429	16104	13955
NR_015353|LINC01278	298	461	879	879	497	459	497	748	277	410	655	708
NM_001277710|CD99	7	2	13	13	5	2	9	171	9	13	1	298
NM_004650|PNPLA4	448	446	483	483	288	348	665	757	438	354	457	461
NM_001142420|MORF4L2	31	55	100	100	80	40	32	44	36	75	92	67
NM_001193416|DDX3X	7478	11577	13505	13505	8624	9903	12453	16575	7042	10626	18170	13905
NM_006915|RP2	464	600	1354	1354	758	1012	913	1000	528	704	1139	1276
NM_022101|CXorf56	1046	270	1670	1670	1412	1224	1123	1816	530	1217	1277	1514
NR_038978|MORF4L2-AS1	37	15	39	39	25	41	41	76	15	50	61	36
